53842520
46023096
55142632
50282874
30183342
37803010
44102696
35582578
46182714
31761882
43063222
35263882
54622686
52704290
51243620
50203032
42702358
48161946
45483478
51683454
37102266
43122736
35062590
45383240
57802294
51043636
44143244
46743450
53321900
28002426
42422916
42642766
34623188
56942432
40842694
45324222
35183844
30802294
40782976
55521766
50062492
28782088
36022532
36962168
35322958
50304582
44022988
45482280
30483410
32401732
38102532
44363208
29521732
56422836
40622890
51323672
35622154
48344610
46763328
44902278
48203178
48404670
47122048
34862934
48442502
45123784
31882186
52882778
30841996
44122978
51804236
45302856
46704320
44704058
26781784
40422660
56202386
30482104
46082984
35062918
30581826
30343456
34722816
44003262
32062142
53581920
42583542
38963042
46043290
37502546
53381716
37302206
52863970
42182504
47324112
32363610
40322908
36582674
39742984
30982032
46104170
31003596
46123766
32022010
42723504
50722806
31683638
33902114
47502100
37362850
34563304
50963374
48342342
43823466
52643850
27161812
46662796
48002028
48263810
37242640
51223030
47842612
51722870
50503394
47843430
34942568
31402026
53862218
48022012
44222322
42263272
49764270
47162840
50003506
34503730
28642024
45202304
54322486
32442110
50343478
28542072
48124102
48022678
42742488
50423096
35202094
39563236
46123964
37822460
47282448
32922298
38303142
55582666
35462782
33022242
51403306
34883008
44782912
55342398
44963008
47402702
54302628
42181956
32202096
38823046
51964834
41742978
36942326
33001754
55922352
44543646
49223366
38443124
45763820
45242172
33803174
52904530
55322126
38482914
34102844
48282746
39242576
40102530
44783804
51244248
39362442
48124868
53063152
50324938
54962702
40843248
46822086
39803274
44203092
42503256
40162916
44282488
35322848
52384144
46023910
57622438
43263004
46682924
49742806
34941992
45283066
32503486
51323186
34882446
57341488
30681774
28042014
45782960
52503674
55182450
46103396
37682820
50503474
47724026
43342454
35482478
47041636
53421698
52641998
32381880
36502498
30322110
39122694
34343628
44223414
44802174
37543030
34662742
43923062
50303268
45242906
47422632
36821874
30262244
30122284
50604724
38202930
51223828
32402120
55222504
44662698
46742682
52242650
52484034
54742654
39382570
44862552
49543030
32902134
53421906
43483474
40243246
48883402
47482418
36842728
45422982
52522756
35122096
46902840
38542964
44422194
34382710
44003296
37442444
51223074
50783780
47182514
46442710
52283958
28022250
56662666
56582414
42101916
39223032
27761894
43402952
55682320
33981978
45283060
49562968
32341846
42442770
36482614
49662906
44802964
40303198
53083606
39623270
34942838
39662612
51763546
27202070
42523260
32881990
43702536
35022520
33302074
44462218
29242038
50203848
48202770
38302720
28021998
32083384
43842250
51483316
47422412
46202116
29082426
34522296
58001792
43163304
47562426
31502164
35343806
56122836
29781702
28122386
37682352
49883384
36362674
35662654
33043296
37822376
45122296
50563078
47382720
44503156
32523648
38242530
56942738
42582994
53762052
48902728
44043276
51523510
46704042
54302416
46923934
45762866
45761622
33123182
34383154
44942422
44803122
35602792
48061928
44142376
33882128
41722894
33261820
32083426
39182898
46482152
31342262
53682656
52963834
29221988
36242392
40362664
45583282
33722168
35882604
37402224
31621930
28922242
35183340
27961956
42923736
56142690
36542648
35962108
44943906
51723432
45964184
54322396
38102970
49963498
53002044
49181806
49443496
38362582
47422884
39162432
54882406
39262410
54302394
54242024
53264500
45784746
40782936
50744220
40722898
38602836
46282802
33042278
30622190
48483242
34022224
51802774
41723166
29501902
45564026
44963822
44522216
46303028
46722868
53822224
44922730
27362072
40742906
35862908
48583420
64281664
56282790
47723094
43503258
37382614
34161878
51142952
43862980
31262242
53842484
46202902
52844574
47644180
31743540
51623544
46823792
54882250
44583142
53044060
48562548
38223094
37202458
45903332
36422824
30222214
34502098
50722644
34843296
30462138
49362768
35802286
50083078
47243420
54981792
44563224
40262704
57562432
50243816
37483064
50963018
30461954
47082540
30662216
52383766
33142240
52324474
52744348
40123168
47082900
57022446
28222360
56482800
31941720
35842536
34922452
55822784
52783550
43723162
54482052
30123342
46962592
28642312
51783802
43263580
37402320
44182430
46522836
30442032
53383784
39162666
41863128
33961818
31341960
36422244
34603582
55582864
51983908
32402144
42523548
50765014
27561902
37302984
33721816
40463292
44042794
47041640
48102462
31701848
51124252
39042946
52682776
33061918
53503676
52981978
33102276
48722578
55082602
35363394
31081956
40743364
55362288
54781718
35543604
33202038
31762080
29061936
46084348
34603138
64421642
35502430
33362900
44523302
50543708
54282684
51383710
48243334
42222808
39082644
28682370
46003052
43602360
50284620
47842962
32182238
34143312
29702188
30302186
46363254
50683512
40783016
46683080
32862004
31041980
50082768
46242510
55202316
42403404
55282906
34382426
29581924
38622396
43022722
49963264
54521808
47242638
33501764
39603038
37002990
38162524
37862838
48242890
43962306
28141974
52962040
55282842
44523806
46984126
35103682
48024556
50563882
45542822
34222334
48684774
30442330
35522752
29702020
33782118
53684478
57022494
39442456
27341920
49782756
50223196
50162838
36842920
30402190
40942956
44042182
50242658
54222278
48064604
40142800
35242554
56722496
47102946
53201992
55642302
36222494
49242724
43922884
46364622
47183978
38523038
52242584
37282856
32962088
38282502
37002544
36882988
33403174
47663058
64081656
36462124
44163926
52482764
42503454
31542192
44343180
41902382
39502836
32221964
39162936
30922158
51762918
28382134
52282592
45063670
47682978
37502910
35602950
27721874
50243060
36822898
50902842
33303142
32541892
29082112
40082538
46062178
50784566
37282658
50983438
36303324
34562002
63701628
33102870
50423144
39902520
51443326
53662770
38362460
35142308
34162018
44704098
47762978
55062736
50543206
51122890
29522264
34942784
45302790
64301648
30862152
39642498
47304610
48183838
51263038
29122158
42103072
46643258
44223276
30901876
37183012
38582954
57542394
45083188
34823316
44882906
46184334
41862412
35662752
50143108
35682254
36543196
36902416
56822208
46063126
50522826
55642546
44323044
57282418
46444168
37843028
30102056
52521904
37142896
43442460
43302520
48422540
35143780
53502646
35202944
32262048
44783390
39362458
46241610
30243350
52703688
32203590
43522714
37222806
28062348
29942374
44603040
45603896
28042116
38623128
29222168
51582930
55762126
34202200
40943118
53663790
27041876
54662080
47322012
33121802
52523544
35922918
33761742
27481894
42302738
43423232
35683524
43423206
47162570
49361814
49223016
30241696
44043000
35423794
51682964
50644966
53423682
50463152
31041674
39422678
50083370
49043096
48063404
37182728
34003680
51744006
51544620
51724004
46963338
28862248
54842772
33061702
46862794
36922982
56382116
44163022
45604130
45823348
40323082
52383152
30361962
52462700
52923940
42643510
32762876
51864318
36642804
53843932
51683592
50323376
50285214
50003238
43762284
34122058
35002710
42902810
48082820
39663000
51403070
45323290
47064122
51423574
53403844
48883350
53181800
52722798
48562644
32442200
53941804
38142574
33402844
50324416
27562028
40283178
51363720
54102674
55642784
29041690
49883510
31902308
42323680
35922764
27722066
33883160
34623756
33162200
33241954
43063512
56342288
44603962
46923234
40402988
46424152
32102324
39802374
51803210
40342556
44343026
53202810
49744440
43482756
34402178
56722392
30721728
54041836
57242300
33422920
36862408
43682920
36962834
51483290
49022936
39982502
37762840
30022144
56422268
35763280
49123126
49884422
48842968
52004314
50744418
40343348
56502564
44844032
46023124
31181706
51103486
57282296
37663084
52824360
48224872
44182252
46703088
34843556
35042052
44663004
35642126
34142208
54402250
53083996
55802182
33422110
45102516
35802654
36542288
32862044
34842192
37183006
30622388
32343522
53601942
33322052
50483322
38282862
44403106
36182954
38802656
33642160
35902368
34342108
32462108
43962218
42083164
40282662
45904000
37122188
44023358
35922288
29442142
44862890
56802322
35742844
44662622
53222016
32602088
64161648
43823366
31981938
40182520
44983234
28042194
44683628
46583328
47122494
52882030
48203350
51944430
45843024
56842382
55742844
47842012
38122516
52043360
54181922
49864448
55062352
31741898
49664536
53344376
50483728
35303454
54862490
32682282
37643054
29242170
50402980
46684602
46622530
31521980
54622812
53502620
35382412
63941610
33322916
45383666
27181918
42962854
37622308
40843258
46723088
50922682
37222482
47043350
44883680
49563050
57742630
53782008
52383208
31982326
37201872
43563422
51103104
34662430
56162380
48562940
46022272
45323084
34983220
46462172
52744114
36243184
53102804
44963328
31441822
34842720
46064260
38762726
50923180
48783350
42043110
48282624
53422720
36802542
47183104
43043022
63721612
54821638
28342322
53643926
49623348
44802906
34262712
40623226
47923156
50523234
51883290
30302262
53704588
38502528
46563010
48043252
56702602
36882586
47323392
41702448
45103210
35903510
48002668
53362394
53022646
45763192
46563306
37823036
49103494
34783388
32222102
52942806
43483038
35942712
38802944
32241798
41183056
41283206
46543938
46523240
42802778
38422718
37482520
42883190
37202560
44542152
38362340
27701890
41342376
36582448
42843350
47543032
51543482
51003112
45263600
34323294
47982900
33582000
48562914
50564260
31823436
37682964
31222170
41063220
64141654
50061934
52961954
48342522
41803098
37362846
44323366
51982944
46944516
51142736
46142928
50143502
35942496
35782788
49743090
36962928
47242584
34282106
30221962
33343318
52262662
45383828
39082924
29142438
41702866
43682776
34462430
49002948
50164522
42763692
51503096
42523002
52443700
46602822
40182980
53163594
30161778
31923414
35242948
39702736
41062898
34363702
55521768
46384288
37002606
54041890
53922292
45063770
52144708
31602224
48543322
28102230
47222676
42463024
53484548
51763242
38223068
38942522
35342950
29902010
44103344
36842566
46321606
32481648
33563276
40242306
34582312
31522154
53962638
50923198
50604274
50144226
34702324
46723228
35722592
31961766
51782916
46764132
39462922
31363546
36762790
36922590
42943444
47662860
44982748
46683382
47284582
34682064
51701882
38203096
32181982
45503160
39302468
35683264
33282060
35402494
28002048
40182314
37722958
45603800
27762182
31221710
46763314
38522776
42523694
55322676
48403212
51503754
53682682
49222260
28861754
42583628
56602656
33362302
28122358
48943396
35202522
31221954
30981704
44742818
51764068
45203906
56962434
57562410
43143820
44362470
42582458
44503116
37702818
38382426
34242880
36102882
28862306
51843412
47442660
43183324
52943632
48563304
56222824
52103154
35402784
32183416
33301748
41082902
39662878
39342440
42423252
40723020
52904296
49384418
50223802
42641998
42241836
56262742
47302890
53323888
48882994
50242532
49762818
27481908
46922566
41663154
30563368
37962304
40482646
35923894
37122272
31722134
50162974
35303672
56322132
36982458
48141980
50104268
37982956
56462262
44603322
44962246
45282116
51324266
64081658
45022338
45563108
30602264
51823864
56022336
35023564
51704630
50944258
53941848
33943678
34382704
35402748
34923722
47402716
55802318
48562896
51044068
64281656
37362530
49423134
32243400
52601928
33261856
36223402
27942206
40963312
29061998
33402090
31881988
52721926
42783466
43002388
51223170
53421892
55322280
52842016
50003400
28862420
42221928
48203354
47862870
53842392
29122302
47204180
31162160
32122124
32262102
50523892
49563500
44202406
56182172
51984052
30762114
38422772
30042024
39702642
37862892
47243052
39062944
51983022
53701942
45822286
42523388
43643294
49023130
48821986
45322878
39662978
46763224
42343744
30562284
33382862
32801814
56282802
55402630
35322116
43243012
36822670
52762010
47262674
36783234
40462680
53243638
43642974
37303268
31002120
36202550
33561738
53743906
48004654
34322722
31761984
52661868
40722904
30442232
53642722
44322886
38082466
46484594
52283620
39822598
33381962
28361746
37242492
45683692
27622074
44742192
32542864
27882232
46483880
55702124
46342520
31501886
32081930
28262098
45103016
42663178
35483636
53782734
51063710
56962260
47683014
47642980
44944060
38722676
49883220
39042466
42562800
50863366
33542212
42361916
34522346
40223136
28562352
34822610
36642652
32322108
48843086
28382268
33363176
36602168
56822398
42263362
33702008
32203522
52583978
33062848
46723206
36803250
45864232
50842646
48262932
34802338
34683640
50703234
47962520
36662650
50904246
47304120
48822704
57322386
36242932
52584392
31242234
55962718
35442862
50063312
48982564
53382072
52262878
37622992
36422860
36262998
36822494
49624528
52141884
38462694
47542910
48184798
29381756
55762382
53261736
29622394
38522848
44502236
38303066
42022524
46563304
33962314
46482044
45762634
51703156
55982414
46362900
34782866
36722908
32401720
45441640
56102424
56622700
45262890
51503004
27962168
48342774
43123254
30981908
51202764
56602758
34983288
36142764
38022390
26901858
53681742
35443846
32502018
46403326
39122600
43723306
52284330
48062728
30482024
34482304
52204420
49342798
38963118
57001938
56122260
31681972
46544574
39963200
43482820
37482710
45603954
45583700
27482128
34942790
53522072
28382316
33622176
44382802
48264548
32541874
50943458
39303032
41362804
29762240
40242472
56642628
28402414
44203884
37982432
38802682
28101816
47963348
35982520
53321876
35802924
46802116
47084370
55802126
52303822
35962882
43622906
31641986
39802806
56922408
54722396
40302996
35922202
42923492
37102604
34042358
50523804
28981598
52643934
49963430
43163706
43983104
56962326
45404744
48843032
33262842
50203366
45182092
48905022
35842172
51683848
50863488
54662470
55202118
53524490
45163194
45784048
38402420
34262028
52442798
54462642
48742018
35462290
47302548
52003126
49942866
50822846
54882024
32442920
33763348
28002004
55882170
32163394
33323292
40242958
28262378
57002722
49883472
40822364
55942864
46842920
29502412
47684044
51863862
56002532
38242664
44762764
54282256
33561768
43702368
48622294
56742256
28361766
34042790
46142802
51064060
27722170
46403146
47422938
53222622
30461900
41483106
44843436
51143722
37762750
36282306
46583886
32061654
44863060
34722118
49402656
44943874
37182922
35822128
27741772
35122446
40102828
40182750
30842050
56902610
45462234
35022580
45983100
46522628
32181716
42463086
54782392
48142538
53761918
36922340
35122520
37102690
38883070
33001808
53324406
47044170
52742776
48563416
40943304
50862858
32121990
36642430
45842250
39642408
53001948
40082614
35083842
47262850
53482708
31621696
28562308
33502268
44062642
52722834
28401726
39243046
31782252
34382156
51723202
28482056
41562420
50543238
63921610
52184518
45542538
37322906
36502692
51003180
38623092
36182152
48443162
42723644
32102194
42863564
43642710
40863002
44762506
46103252
50683996
36222898
34842616
48202012
42882682
51183224
34283154
46743018
48463330
43083392
37303046
48603136
51203142
33042224
33862896
49464470
29042158
41363094
43103682
46903710
47822830
30622070
39562976
43862884
50503704
51883146
49203086
53921900
38363036
36682440
33843772
42743070
42483092
33542828
48923220
34562188
45063868
34462332
33881984
52742020
30341770
44822486
44103268
47042810
47724656
41642752
45022842
54002480
56982700
47922854
37122102
38302770
39842882
37942864
33183302
30082194
56442404
55262242
55322856
46603770
64361660
40683314
27641972
31843414
57262538
30162228
53023818
30801970
50643428
28081910
31622314
52204090
45764576
31702240
40302406
47062614
48903466
27862086
36642720
53761674
50842970
50102618
51543072
27341956
56562242
51963808
55742250
37442810
45482794
49704266
46383414
35542080
33463402
33421722
44722342
33021810
37102878
46523016
43303764
44223640
43502764
45524490
55682122
47442840
45043388
29022308
55042580
51362960
31561988
31303576
30302122
51243736
35843666
32682080
31863416
37362768
52423190
38562976
45122262
47363346
37722504
32681846
42042930
42222088
64441656
33102114
35603520
38203100
27922230
32781818
47442838
35862934
37523016
50902810
42162524
47763058
28022368
36922928
33901758
45823962
54301678
40122406
48962980
47724140
41123118
50303042
54082668
38122788
51243714
55742728
35962314
39283120
47823384
45223286
30182062
52123258
48463132
52762662
45223172
31062216
51343128
51224308
40343096
37562628
47381570
64281632
30262132
30603434
55222314
37943034
49462572
45602918
38883118
36822268
45623016
43142466
56742444
28161998
47582910
47463334
44502976
37222702
30983400
51623206
35482644
54921782
45422132
51343078
41583200
44784070
49143476
55822910
44003170
35283244
43962530
36302262
45784530
53422818
38263002
37882844
44842442
52064414
51603126
37462934
28282190
47162894
38922956
52144852
41622400
35482824
52922044
28562290
33442904
37302674
64421668
27562052
53363674
50504430
50262830
46524204
29962278
41083188
44462224
39482978
35562908
37662830
41182944
46064004
56762564
50563776
31821784
46262768
28922278
55182252
46403290
42943036
39482932
51323018
40402782
40103256
54802232
30322278
40302322
29522350
64581658
41722890
52962034
56362626
45403916
31782120
41802398
31562276
45743348
39102992
29361704
38762342
39183208
50004340
50383212
35962446
51283696
42462406
28782100
52503990
43063008
44102722
56482284
51364242
43802784
47802052
46801652
36222886
46122616
46822824
39442744
29702152
43703130
49263288
53723912
53604606
51324314
49362966
50444240
50863672
43623378
48524790
28862198
33942792
44923132
55602258
54642872
43802888
46622912
29562152
27602150
43182748
52982852
35002862
36803258
53501892
44302456
49644812
39582816
47562070
48522738
46643144
49122852
49103274
53943800
51104062
53103728
28982422
36663244
40902732
50202816
46722972
34842706
46222138
47824558
42183710
54622128
41142858
46563262
37462622
40622800
50102888
41002728
40223340
49082736
50883054
54802844
41663070
47944760
51803278
47502682
44163324
51863486
57402280
39823064
64401660
36042254
41322804
42723670
53002008
35463200
54042422
35482118
53481970
54922754
36523312
33861772
44484206
34602376
31281708
34783172
37382578
35702198
46142464
38883106
50503520
52282772
34622132
37242352
44082612
50043172
33321944
31382208
37843064
32522008
46441604
37362562
44203056
39922372
35322254
32263584
44783394
39842622
47184458
46902594
47822920
30462232
51724588
52682836
30642354
46982704
46404552
42343636
29022124
44502616
51404848
53683864
40003048
47222906
43443166
55462826
51722996
48422818
33942210
34283718
40702988
51262756
33043746
53802286
34663780
31102248
44963660
56462226
37943094
45583262
33141726
45983150
37763062
56542790
47363036
36682260
50823846
48024822
63901604
46682644
55302614
64181638
48462778
48903090
41722324
48242506
46644752
46643194
31922312
42523600
41763314
40402890
54541720
28842196
45322638
33162854
52423156
40742788
37482448
31621848
55302722
44363978
64061632
56882624
47463456
34042046
50824318
53461994
41142432
56382498
52421962
26861836
37943076
49281796
28162236
47922850
33001898
53421960
41543112
48003430
39543082
49963128
30922180
46444204
56242412
51882912
34823550
35562512
39062614
56782818
50283068
36062478
53522460
29322114
39222402
28461920
48722722
39982622
50623762
49523068
39222568
45304198
49941964
45564278
48741780
49724424
52282646
33362024
31442196
44762748
42623548
31422336
51763516
45502846
50963522
31441702
37383304
41503264
44882164
57102444
50544790
44583852
51802638
29161648
43103708
28461988
50822990
34442428
44843446
51364958
64441658
54023864
47822082
51324814
52602804
33361754
29002016
28541964
37763092
41442414
41383150
45503656
55742902
34521936
42182982
35762514
49964334
46202974
45704188
33882260
43083770
38302594
39682736
52663186
32642050
47842066
36062594
27982412
43562794
48842942
41083354
31142300
50344330
47982382
51644724
50263748
41523088
42403224
40502954
30522142
52603640
53044018
53402800
43082464
49662672
45783086
51823180
51684818
33362046
36662776
43023478
39382810
29803394
48582682
27782060
48803078
45462526
44224054
34482854
37002448
35242958
43122984
28902022
39742940
52302982
36222988
53584474
53942088
40603048
39803078
55622342
52423946
44643064
45963796
50463194
48503082
52703998
49302928
47104518
28862414
34682650
43823150
50143342
52603690
47422494
43783106
28762044
53742486
45264078
35383538
42482048
46322834
48482680
36922572
28441778
44503988
36302178
56542636
37183290
55542800
51303820
51923214
57302402
52541926
43382738
50062604
32323414
33762054
37222238
39322440
40443276
45762196
42642924
34802990
28362296
30161994
49302640
29921738
45382644
35283802
45903268
54742662
40623252
45722182
49063252
45682540
52043942
46764174
49843194
56722500
52682766
50563108
53483700
51843026
44323934
29901636
50123370
34802936
40683352
48865014
42662164
52203278
40562514
37142276
44282578
44043252
33062008
44642876
49064982
44183964
36262548
37303010
42002914
42263196
50264258
48102830
35082456
36242402
50484564
51824278
50544376
47262054
35162590
30462110
49863208
29881972
51824508
51644800
46043728
32862166
37043256
33423124
56762816
53702374
52123366
51223776
51104512
32143642
30502092
56422458
44484014
52803918
34622576
31403430
52663138
52263400
38602592
45043124
52322512
54102246
53142048
50341930
31462108
41422910
41982840
35902934
50083020
38262702
46843694
40463164
56902698
36842776
52262550
47862748
42403260
28642190
51764016
57742580
49542794
47464698
43282980
38582442
50363092
36702892
52624358
34763204
34783712
31821960
45223448
55562890
40642822
42483604
47443188
46622696
30521890
52203692
40522276
51684368
34262024
32661984
30041722
39502920
44563610
34982870
32141994
52844628
35882176
36223366
49083226
63981624
49484346
37322572
41622480
44784120
30882022
44923314
43102980
40963188
46283108
47344144
28441732
44822206
31743634
49103364
37702524
38002424
42662890
35042362
43662954
57822448
52623684
31042164
27842152
44682976
54642664
41242520
31503586
39622968
31762242
35702518
46104418
43023070
45504030
32322166
43203316
40103094
33142172
45862986
36702532
33041810
51883276
49844256
41222794
50423006
44722758
49642824
33121810
39283132
46622980
52124064
45584342
30702246
40323250
47282574
46063176
56622786
31901958
36142410
37382584
46843154
32821996
47924100
47622592
50103152
34862344
51703448
36702096
51523294
36282868
45463066
50384598
30762258
38482558
63941604
54042740
44423416
53682722
41323182
29941988
48821806
35783336
37682410
41602788
39662860
39862836
46242804
36002926
27601974
48644630
37962280
38442378
32982246
40783234
46403098
27561812
52461882
39663068
43883124
31881998
27382060
51103144
49383382
50703424
42962502
45683040
57101930
32501706
36742982
46722018
47322102
38002496
50063780
47522882
49002758
45663190
39642992
36262434
39282952
28262108
37183026
36822490
32383612
35502646
51763386
51863740
45244382
50423248
47443332
35022328
52341924
40023086
46822950
48941952
46123384
56782728
38362772
39523228
50563032
49123410
55122800
34842638
50143412
46403148
55462916
47443498
53962184
64341642
41522934
49363168
45082934
47404804
41382416
53064142
56862402
64441652
44824252
45682732
35203564
54402372
32523666
35222956
40963000
50722724
40603312
48004726
34663888
56662192
34942052
32922100
33901812
32901910
56462512
52143060
40082604
45244148
50163730
33242232
49743450
48043140
55481770
46502856
35043276
39183144
29142106
32721972
52063672
53123918
43363230
30643426
43782944
44984112
45824380
45042718
40822882
44583054
50424476
29702062
27361828
39643064
54681784
28742380
35282704
47264704
55182486
50123474
46403292
45582902
34683324
38463106
49603006
44103280
36762944
52623148
34543288
36382424
27421802
36202690
49443456
27241956
32181914
32062268
45542972
50582704
52181902
34882386
52243406
49123230
38983006
52384514
33242028
31382158
45502958
28162350
53581938
46962858
44723874
36602816
27862122
52603780
39142430
35662754
33523174
43542718
39842964
31182254
38343046
49503322
46822492
57162436
51944124
42583054
49782670
52262554
56942792
52123776
51483026
36942704
28542004
51104728
34803216
53941668
33061854
45803118
44843294
40523090
39843076
35803420
39643046
39342372
31782358
36483420
53703864
41482416
39502448
42863302
51243732
48722568
34322380
51622566
50344420
39922648
27901928
45862252
46043066
30663346
46723124
46923016
34803000
50983110
43203460
34542186
27261864
45183862
47103042
41623300
36882964
42123134
48822974
35502470
53602850
33462006
41602424
30482018
51403800
51143438
46882754
53801938
51762576
44763430
48742620
53302496
35303666
34722052
35822704
49883432
38682790
45643866
44123348
49043424
48122532
38402402
49564448
42282802
41782772
34582302
51803408
41683242
54642422
35062134
31721882
46143926
38062944
51023042
51943738
34423186
45223048
55722304
39162684
53422576
30661830
37362472
38182430
51563088
55362196
28361796
51444322
53004528
51223426
46962676
48903088
46322618
31621938
32901874
39702494
52442806
54882366
38562422
50324884
52782804
31182218
37402500
37462376
34423624
48382774
44022180
51542924
42403034
55022574
45023150
47083270
46722088
50403154
52042996
32281924
44702302
52543194
50843688
51163318
40083132
46983224
29462422
30062066
48283398
32001870
48182962
32342254
55742880
40683116
32902284
47002104
34502226
45224126
49742918
45822918
27361868
49463398
45442882
53382606
44203134
30662032
53744592
30742378
46944398
39682484
49601980
31522266
35662052
44624094
50943648
51264042
44743044
28482300
55322312
47664078
49362746
50724182
51662912
31142182
54782442
42503698
55742892
53601748
38202434
51563268
42783334
45862644
34842476
46664262
34061936
51082954
39702966
37282538
34883354
37782376
51244198
55242862
45182304
51683414
52624418
27362116
50063320
37222868
34742810
52044494
52683114
50663114
53003660
52203070
42902522
56962782
63621618
36462756
47542978
30381946
44702698
47583018
49642482
46502788
31202176
33521706
36862590
31862252
29621940
44242444
46542552
50783770
34503648
30701950
44482586
43403450
49862948
46742524
43383700
46103878
51663358
32581946
50542846
28542292
43583562
35342914
47665002
48843130
30362146
33082140
37502816
50383234
27661936
63841636
50342970
35583870
49724558
51322708
50863438
51862676
36742280
44122788
34603628
40863344
32723632
49783144
31141982
46203352
54502400
46884396
44664140
50603526
39302978
45662190
46702962
36243458
46603716
33401878
33021990
35622384
44182736
26681800
34802636
28642240
43802576
37622560
46163970
31942062
45302764
41423234
42643734
39122320
47322610
38302872
53421996
49643364
46323702
50284220
53702252
50684686
43503592
46962924
40242238
48682916
53861656
51423258
33983616
36183136
57082550
46182242
56162128
46403344
49383198
27842088
29262152
48422020
47303444
32201710
47642620
55302170
45783180
34383700
39622640
27361894
52603186
52163638
28922052
53581962
36422888
42001884
34003176
56782440
37662686
44282286
40843176
33102888
39022476
46582774
43162894
33682186
36702466
33081874
40922946
41682328
52663684
45862904
34622118
40162914
32921740
44022364
49922960
54142166
40882844
27802002
37723030
64021650
35922588
47842490
34942924
34123394
45302776
46843294
42223708
44982624
42763408
36882820
45862858
31802172
32142198
50504694
40022438
54762304
38722802
28802404
45042922
43582914
47142840
38522900
56302684
41402966
29001674
33642096
54461746
33942228
34663330
39562990
37842584
45222772
51783768
55582102
27461946
49263118
38642874
42263250
49423066
48801776
53542412
35063250
34522072
47722442
33702904
55542404
31882196
38102466
53921884
47941966
40642882
47922872
42583702
45063990
35623816
46743106
51603352
46043008
49923022
34742686
33382920
28802368
34163152
32421668
51883466
52901866
47961948
43762610
49984630
33041860
50503432
35482690
46464386
27862212
44182560
44462972
54102148
40442388
47063460
57622484
47502046
33202044
51823630
54381790
34962904
57722578
27681946
51063214
36422460
47942712
46502608
42521958
34542420
33883772
52704412
35523886
34442118
39282984
51903062
45983268
38302788
44702470
31701880
53003150
30342250
37702506
31481998
44822200
51463810
31242098
34962290
38442306
30602188
51983386
39622698
28882394
48283096
34782616
47102574
27522034
52622788
35282936
36082746
51403376
56562804
39702760
56862178
46183750
45684484
36882978
44842874
37443056
53501734
31382042
46422682
44063394
40582700
28262416
51362942
28362054
40062484
47642910
42522534
46922962
50504352
30442266
34002226
34863258
47342074
28122426
29582010
34623332
41683206
32623136
48322592
41603060
29242188
44643656
36823164
51044692
49663456
43943528
31361850
56482598
33223188
40823368
39943180
46682928
44082566
50044630
50963006
35282180
52302664
54162330
47343052
30242000
51562926
34803716
51323086
45743608
33802094
53103616
43762726
39622592
37363088
53562786
33081986
57062714
48262042
52323696
37982414
52163174
42363144
56122850
46604040
36363242
28042054
40602750
39482762
55442506
46543768
31922252
51182932
56682316
32481822
36162240
44523224
39202288
44802780
43842998
27781920
35943378
47442094
35563322
45282904
41961884
51983836
53442820
42622796
54382410
37102430
30202018
29001728
34243264
40243344
33402232
49422990
56182860
50123150
32461682
29242178
31722182
52503710
33641848
36263268
44463404
35383390
34842612
27241952
40362580
49364366
46343034
48182758
31501930
50963410
32182122
51663638
32742034
42903450
36863170
52481792
46183034
53842680
49342546
50263448
47502610
45563378
56622210
55802390
32721964
49783114
56762654
55202268
37583076
46362202
52024342
47522900
48242972
41582984
51383114
29182096
40503298
32642018
37201836
53582406
54262272
31981830
52242588
36642818
33522894
39222514
37102448
36162838
42262786
32821762
44482590
39002314
55662506
41183070
47765016
44963314
34342216
31622124
36742824
36282084
56102340
42901856
36542480
39382972
29362142
47303174
33841868
37782784
47722358
37922736
53281972
33722078
46443250
41322526
36663276
48242710
31321886
49263366
35463586
35142512
48803204
50685028
29762162
40143260
47903022
51923898
28841846
44943366
47762338
51583146
40722884
30582078
52882814
30742122
46823266
52923928
57042748
50982678
50604878
31641888
50903692
51203376
38502784
43822902
56262170
32721942
50623348
37142950
50584234
35823376
28501970
36842560
47022574
30302000
37483312
46842830
47042658
42003044
43943364
49564484
30502340
41543076
43163430
42763188
47742058
51944466
38162926
47983512
43862296
30623428
63621610
31201708
57181858
36662784
32902900
49623286
37202964
30402160
44763216
38002736
57462308
52323620
46623214
32742100
39443252
35842340
45243104
44723820
51802962
46224250
49164854
53062494
47243078
51244204
53023152
31102230
37443314
38642694
57902628
45483964
42562972
46102262
43063188
33443818
49243188
47484178
46062818
45663856
57882612
40283020
38783168
34983584
49183448
37002720
32743140
51823266
36922608
50284502
42942982
43162734
57241840
43283646
37622774
37662476
55642730
44262208
46362660
41883342
52323768
40503152
50922862
53482034
35022342
33841756
52123674
31162232
31742086
48682908
45882618
34403798
31002008
49662700
44122230
54802164
51603270
32382250
49242954
33062080
36702658
46542108
38522800
51902590
28002094
35183492
47183418
38602358
34343754
48021950
46381602
50183512
34803774
38262984
35043672
36683184
48521926
49864510
43342768
51902680
46623260
49902614
47123308
44003404
38522602
39462812
54922118
35942116
64161638
33423306
50724218
47323168
45144178
54041900
49243502
39442388
52962854
49822810
28002242
50883532
51683672
37622504
30002208
37102304
37842530
41423222
39742788
40362386
45303412
44384020
49942764
27542036
46942660
48623230
40962792
39763078
53181786
52142772
48464702
57902538
55582872
33682142
33742142
30342264
36362768
55162632
42722546
64061620
45783026
47763364
34902096
44383206
43803026
36922826
35882726
55942764
35322502
50584216
39702634
28021954
34103726
36023158
47522506
44162554
50323074
29122108
51702574
50623138
46442486
55962592
34442820
40682812
50024386
51963700
44082186
29541974
36362278
36302524
52824384
34561928
36482316
29341684
28702404
42562962
51222810
45003026
28081828
39002442
36842556
48823048
31422234
46923808
31503404
48803000
51843836
49722776
36482538
45663982
32282136
47543148
54902332
33363292
55121796
49243470
58021506
45102750
33482272
49844364
37103288
47762896
36323400
45143660
41003214
36662980
56262138
33661750
46902934
50643062
35742490
47462088
38563110
41442980
44282956
45202968
30422260
56642452
45363206
46462592
36043510
43603276
34202270
38022634
45382982
47483174
34743278
55702376
28722386
34622824
35662582
27742406
33761972
47062862
47184860
43103726
44962980
57002682
31062044
35723672
51064482
33242214
37383096
48002398
46622668
45743294
50344324
49064488
48703054
53401972
45823044
43423818
44122340
28002378
49783402
42602740
30442322
48641890
31982278
31503584
41542720
50283772
29881822
36443438
50081966
35762728
29001956
53262762
51344208
36902854
40742860
51482660
33622086
38442850
55102204
39302712
35222766
36223264
47042554
39462998
32521902
33621766
44242446
57382482
49323200
33323162
27102054
36702622
46943110
44482406
42583160
37582504
28722166
44602994
37723092
45602758
28582252
45383266
33621954
39722262
28042374
46223112
50824232
29182358
37062154
54621746
43963416
50685036
48442556
32042134
31202024
42322388
56962682
43823276
52184350
34442090
48182754
36423486
43982486
31501858
40342514
40463146
26681980
31662352
56082426
56842788
32203456
53242818
40863272
53802628
47144692
46503238
29042072
46724682
47743290
26941812
48341946
39882886
46223012
50684542
34681980
28201792
36462156
45183830
35283278
28022236
51703546
46124594
33462046
32263534
48022714
45364168
48242560
54382680
44663204
52083364
31782102
40762954
33142142
31602008
53023896
51863222
49444396
34762730
51423160
29342300
33582898
44382494
30981870
33102046
51343174
38342902
54701826
50164518
55642898
31723546
38902780
44804256
45524418
39622528
29442012
44483324
27281868
35182362
27122056
37202982
35102164
44822704
51684392
43443472
43483150
38202610
35842586
36483160
52782002
28702254
40462972
37722544
40922518
38782314
42182946
43882354
45563256
31063612
48141910
51183468
46084600
47302616
46383394
39522630
53002772
45482700
37201846
31861984
31621756
35642116
54182434
29122450
40543136
41683180
46862518
47742026
27301966
51864602
44603660
56982588
35482790
52584140
55982704
43883458
52303188
53084518
55942148
42983596
55882826
53362722
48601964
47842688
44162344
37923070
52803842
56622648
35183514
52703092
54462454
53244448
50104278
42743196
40942718
49805122
50423348
33122246
52023760
36123532
33602830
36462476
44722970
32182364
44622688
36902398
32083606
38842590
44043304
50342902
37782442
55682676
53542728
47743156
41882880
41362382
28682392
35162702
50723506
27821806
37942750
48563472
54201880
50363214
32943296
41762768
57462462
35982132
46602834
43263482
46322740
27901964
46002898
34962146
53582430
32601934
30881748
51883720
45683670
27621800
54482494
34662062
31521826
39822848
37762732
43942780
31262106
36143498
39603224
54902110
41223298
36043366
40002580
48621740
64301636
45863134
33541748
37201858
48723424
38542988
52583650
32903296
46782906
34663200
35462560
45443412
50983394
51883154
45964084
57282426
31682170
32401984
28542066
37282716
36822530
27241920
38082400
31042196
50683402
45842614
45903118
45022952
32142288
51003378
31022060
63941646
39123090
32661876
33361964
37343096
39662644
31102270
54021884
38282476
51923826
54782460
56062128
29662122
37663042
37242754
35122554
42783640
44682850
45603620
48323178
46461600
46323004
49663126
44562910
53923802
48063424
35923444
38742668
49561970
50723480
36443190
41403260
36202248
47182492
31601684
32241908
48543892
55162232
46181666
48923094
34922650
53861900
51823662
43463422
45183128
44222658
43763292
35962914
31702286
46222940
57042690
39343152
44702200
33742070
43483462
36483370
44522366
39422620
53321734
41143024
40082782
43382902
47163044
50422762
42863392
35523854
42163056
30621834
39143034
36322584
52302876
55162404
42122794
32003452
51023060
34682848
34962264
44022730
50203846
27621908
46742002
53621722
47263042
48381904
31862360
46964170
28022062
48083104
46103738
45063684
29481964
52062836
45924284
29302332
48283424
35982280
34422308
41182840
36702474
43483254
39982520
35023870
47523052
51302722
39922770
47122090
53782062
56622796
54942642
31001818
44142686
37002556
48423082
47101606
30242074
50364664
44082246
51604060
35202966
34983670
52743730
45502900
48582726
37222666
38543006
40122820
31601964
45963922
55182630
44222476
30561748
44003082
37922710
32503534
45743032
43522480
44043924
45424440
51804078
50224612
48323394
50524474
53601716
35682556
51483514
53781940
30243370
45722288
45822588
48562662
51282726
39562864
33621738
39822668
46763034
34523382
36462998
44222602
30442124
35643700
50422862
43603588
46502892
52703958
42103684
36522280
39082986
45842910
39882458
51364634
35123364
33362028
36862320
44662754
31842088
38002726
38342576
44083518
48263072
48302910
51303502
38202868
53922646
46542598
39362586
34823604
52662494
45222538
29361700
37602412
36182390
33622104
34922332
51262810
48682934
40422840
52381910
34042204
41703240
36802214
47763238
38462820
50323052
28182102
53182736
37423086
45162210
36243356
52301926
36542530
44023108
34402006
48364990
49342538
49662970
35043622
57162300
47383406
51523448
46163160
52161888
34582802
45203792
52483996
49982970
55562874
47302796
51302738
47463298
56642134
29702206
37302416
44463326
27501928
52404590
37042914
35662600
40322506
49964636
34702828
54802848
44702918
45802718
34883246
44884040
43722420
34402168
33142100
50242730
48282332
52283268
42122512
34842066
52263958
36462772
51962812
33602070
50004912
29402198
32241836
38482788
54122748
51983124
52744078
45722794
46003818
50723994
52623152
42241962
28102334
30662122
47222510
28762346
35922102
53403738
49723264
52142830
29261832
53642378
45022194
46642628
42503036
32162028
47203200
35322790
55622684
52662858
36582562
50342854
34563704
52982752
54622628
42523078
42943366
44462470
56622412
47762712
31382144
63841648
43463106
48623060
42063028
51863104
47943008
37642986
30061684
29962296
41862864
43303440
43542438
39183216
40242692
28102204
27261738
50323246
39842298
40363170
41882944
46343712
34562360
49063002
34942374
34702134
54122758
43103766
33602244
53344008
30141890
47182456
30703386
31003420
46904610
53662754
44823874
31442260
42043120
49522916
54241874
47742938
42241828
44762478
45143214
47904620
47002096
54242690
50823436
35882798
50282856
52343110
35662186
35902926
45482556
38642998
37502748
51643266
27981810
32123514
56202182
50963348
46323824
44664184
33542248
35222602
52484344
36422910
34902664
32322178
33182150
44922210
32641844
30622186
28921692
44663634
54181706
56462784
42121954
32003642
44703860
35043594
40862812
43703224
40382630
45624216
49943250
49922554
46682546
50942782
37402404
47984970
57902448
41823342
52263108
31521870
53741694
32982922
35702500
34041942
47141588
32782250
47741656
36282504
38263134
39222816
41262790
36962996
42642408
50842818
37622480
35683372
43043166
38763036
55182670
44562892
36503272
44502998
27461872
45924692
47363104
36903154
51483800
41762926
51223516
34702620
47023052
34801960
52102992
36642696
30401646
35583402
45382924
27361738
46804474
46862090
48503244
55462132
47042954
45623376
35522924
32461676
54762142
50323748
45362200
40742834
48164970
48722776
48461894
35382922
48762694
51243036
54962032
40363118
37842552
47863006
53962112
45902768
37042810
45462550
44602536
44784048
56162170
40782514
34002316
48802896
41022834
35562548
46484270
48442808
56262484
42983682
42301936
43923350
50283058
57182638
50301954
43342950
42582432
51663648
35202664
35063182
36262668
45223928
51622842
49923248
38622922
46802974
48744164
45303880
33822298
34303296
37942350
50323750
55062826
50683874
36243436
38822448
30782390
28002130
48223510
48242018
43783280
40022744
42523210
52483740
50162728
39803204
33861992
44142612
44223006
38462964
45982974
44262574
48323258
64341664
33661868
41062784
51263818
48442934
50502624
43422988
34922290
52042528
31482142
27822088
45423746
50824214
41663046
46464580
27462044
34522792
54261820
34522098
47402932
31182128
34742018
50503078
42263058
49182984
43683352
34263274
45144066
41143276
32423540
53761902
46882794
32102252
46942944
27361846
31882212
34342428
49462742
54702712
47222680
35542332
43322538
40403070
47322808
30981866
42222828
39063044
29302242
38442912
31601818
45723844
46362894
32182320
34643780
47302792
41242820
45484114
49182818
38723032
54002710
37442558
45823242
29162278
49963054
42803012
38302476
34403382
31421882
35922772
40203140
35763154
48081988
57341490
34683646
47702722
45602244
51102798
49123366
45023006
48484580
43123078
43283016
48563310
48843368
35422752
43802928
41943260
35502682
32321662
35302604
38142916
33341738
29522404
30942150
46221654
43662342
36762808
40243152
38322586
47962992
37582534
45002146
37942536
44382970
30162256
50462716
45103120
51582966
39663296
37242838
36042602
39982960
33342236
35582962
57862548
36482856
44043144
48402888
39962462
26981830
51025014
54001900
45202914
50161938
44623086
57021946
48263058
50262812
55242268
51923724
48522760
28262120
51983562
53861928
39523092
54482664
38762320
37182782
50642870
46362538
46203862
44742172
35283722
38342434
27521818
54021744
43243008
43662610
42962926
34983004
44923138
44202170
38842944
42903706
45082794
34862388
50342794
47263192
31302196
48384736
29862060
48101926
64181666
52403132
33221728
47183032
39723034
45482622
43183680
39262586
39702250
51364602
54762264
50724214
35783472
48684852
33443328
32622272
54222056
52141926
36923356
36202878
51603414
27802206
50264312
31503514
45442766
45903866
43182820
51524306
48024570
36102358
43243654
32601718
47802912
51983196
55622426
40843068
36102454
31063458
32301810
47082466
52242592
37662274
57582352
41763074
42262976
35202304
54083808
56542160
54902678
56482216
28481804
35843222
35883440
49883270
38922902
48102468
34363194
31662280
39063028
55582810
43543324
48662780
39523224
51404334
34202102
52303088
57241496
46463144
42462078
49623204
30362136
47842368
52103844
27982182
48022954
46143810
49483338
52301878
47704072
30662388
27842242
36523330
40723034
40283110
33221892
38382794
50943214
36403390
46722822
31502188
46683878
54862012
45744224
29321682
46822586
50743180
56982502
46403714
53264418
35002088
48881820
44323354
56542136
30402136
47182862
46704258
40002310
53762208
39222802
48182466
35722740
35722812
38163064
44283316
49882766
51863806
46402994
32501860
35762812
35242926
53021922
49823520
29422254
35342334
35642800
46383304
36482874
39242972
47522656
38042798
55102798
48805084
37382820
41082908
49423384
51843128
47643198
50982686
30042268
36042830
45363322
31981980
35383178
36242572
32702046
32541676
47724094
38902716
30722118
39062606
36383486
47483346
40003240
54342388
27241826
51403036
30702170
46944012
51603172
40462918
44363298
44083918
46764218
33222224
52123206
34141872
35782526
51764286
34322098
52623176
47643162
42801954
64441654
42423142
48122864
40363308
42321884
43903000
34703742
35922070
32462348
26581926
51163228
54882700
45084222
56122422
47961982
30262168
49724456
42843206
45643686
32622916
32482160
42663286
45123658
50743050
53541730
32821686
32821992
36562640
43242408
34963286
37922308
47043338
32941846
33221720
37303056
52882782
30401938
42703496
45002828
33462052
30022278
48583144
43762950
44723406
36322932
27301990
39382594
49582592
51043138
36582912
52764122
37742524
39342944
46123294
37642698
37362916
43162882
41402810
34603352
44742340
36842934
42362964
50823494
27842308
36642872
44403162
49684298
27741934
45563114
28621928
41782838
47844700
35322542
40102602
52783936
33682024
40562864
34922954
63681634
49463274
43443004
43583284
36222548
41963230
55642672
43143280
32921776
53522730
45202550
42502986
37622830
46903866
35523158
41423216
46083134
51303008
54562034
53783818
38302842
46103090
32861868
32162124
50603258
48983258
50623694
49703024
48623382
45582678
41941958
44963868
40202492
55322388
34562372
30781678
37482458
50584514
35103790
47282548
57282394
48843158
43882786
47822658
50723242
34603708
46642910
44803150
35122784
31183476
52243816
39382378
37802422
49364478
31222080
32701912
52163354
32282118
64101650
39923074
39322758
45882560
37102744
46002646
37502356
47341604
38183126
37562668
27881880
30481906
31161870
28382028
49202720
48102552
50803106
43023082
43402754
35482802
47822488
49383122
44542926
56042262
31681940
45583350
56442196
51423438
31241716
44422396
30821720
53762196
34942986
52463570
33502186
41861818
48122460
41063212
30301870
47462008
56602512
49663270
56802526
64101620
42843532
44522226
32022046
31161740
32902302
31061972
44963472
34442316
40883222
55482128
34782170
51902648
54342280
46102816
48043500
31882286
64161626
53361962
49743518
30922062
56282224
28102428
50063180
51142640
52943564
46442684
29022242
37862474
46582962
43662522
27121756
54202618
39583144
36103178
55982534
38002844
40703346
39262770
39263036
44423074
40463112
39743214
30682088
28742214
52501908
49242940
52881990
46544808
53102828
45264114
46221612
57102318
48843140
48243404
51302776
50683720
28321960
33602178
37402464
45103642
38303134
28462304
37903044
54002638
47662760
33621982
46203384
35242504
36462534
37822946
40682756
46202772
53104000
39962584
35163764
30603550
51802810
28181850
45882970
44743414
53742196
53782626
53883878
29301690
51883366
45024050
57542404
52563710
43162954
56762810
51763786
46643824
34502124
51404250
37422276
54782662
52264304
51743706
49362822
35502516
51764106
28782312
31301938
51223710
54441908
40782940
35902304
36163144
45223386
54042124
44023126
27761792
43042466
46864166
31762286
45443114
43762844
43323828
41382924
32722306
34083698
35562940
36942526
52622806
31741938
29461830
51663440
40482772
28942068
30643488
43002906
35482302
49884818
50703108
49104430
28362414
34261902
51583002
54362092
46063690
52842756
48403342
34342714
32402318
47662566
27281908
31902138
44083162
53742634
49903102
32863142
50544866
37343286
43163476
47662648
40803000
44182944
52002970
51802752
45422780
48842528
39683186
33982198
57942456
42983034
47842630
38182610
32602286
43403112
51543386
47263254
38042510
48883398
37062820
47382760
47003366
47701534
34643370
43843314
41262900
35162586
32582012
31802016
48302694
46103004
30462224
29642146
43622964
48124778
47984934
52423672
50603248
46822590
35762560
46483970
36802502
31982250
41943026
48261690
26942034
40962876
31122136
39883078
42703532
35662770
43622806
39242578
28282136
46684386
47762888
42963018
42923226
34303718
41183128
52383290
53582236
30441764
44462440
45783868
41722842
36902578
51284710
46303300
51783186
47482698
54482070
44142592
50524204
33783420
50863060
36063494
45242126
52663836
51202794
36982574
50523306
63921614
50622812
49322918
44663338
36382986
50883072
54122326
32981868
41483080
37263308
29042356
47342034
50683728
52682700
49543228
42623506
52263860
43603124
46522902
53702504
33103608
35062858
51283194
47844078
39943122
44402404
28362030
56442138
46003362
45143638
40262664
38762316
41163132
45942796
53783926
40062796
53201928
56702146
53762206
36062708
42583708
54622080
34402232
35582164
35863456
50844186
37022872
37302350
44822758
31803396
42543320
45162916
37503080
45263712
55162386
51082994
54962306
46904398
52224800
50543834
35522630
32361676
39702772
48563124
34482466
33682194
43502722
31223460
32421836
54422402
28542026
51763206
46822784
27221746
31281950
45103722
43342544
55142856
41542858
39562360
52843114
34143720
45763178
30342170
33581954
32421906
43622446
36362512
33702926
51043672
42403664
43423280
30621700
51562830
36822508
54602550
34422390
29561750
29662414
64141636
50282694
56562638
37222158
51202610
39543216
50762858
41883124
46743708
44483294
32262074
31562082
34242812
51802590
34922668
26841872
30563440
35043378
45602290
36442890
45982034
42382938
33562844
31101964
53942254
34122804
47123350
32121800
36702348
54141924
46744684
48764176
39183036
43942880
51142610
43822790
46982962
35642282
56522782
39242468
53923864
38422506
38082746
40062702
55682672
42963654
42143042
50943484
52241874
54962460
54282080
33042264
49524284
44642630
44684198
34942682
35162766
52063856
35902494
44523360
56662338
39742656
46744240
28541774
30003360
37983118
53383708
43902480
44323368
46743700
30862376
48022768
45842782
56942456
44563126
35023394
48262816
33581752
34382432
27582106
56482692
32041958
36062568
46784292
32842254
34563340
31561682
44222902
39203116
48622826
40602970
33782016
47782578
32362072
34242304
47743502
45724000
36582308
27262052
49384832
40263208
27821842
44643290
37002916
45082746
29181812
40282746
38282938
50244350
37223002
30602128
34462800
27161970
53702348
47843368
39722530
33862232
44702874
42142500
38222474
52343256
46944164
56602728
34763648
48342624
32722220
49702916
39602854
34143736
57122330
43802266
44822918
52663106
51202854
53043178
37182530
41823148
39702984
50562834
45862822
49385002
48741886
43582842
43242560
34582896
49803126
52843142
37202514
49082956
35522964
53542458
36323382
51244402
53302788
36062946
34902676
55302182
50583226
38382772
45582800
55582374
53063634
52143160
47482584
29842274
53642686
32083484
36702496
56842310
28461956
36263340
36123286
45203050
40503362
45262864
34282700
39423106
38462602
33162242
50462726
35362920
54402404
49203212
45743954
48302612
51422794
45842772
37842498
46103076
46202640
45922532
38882468
39683178
51644314
45462520
47803006
47982822
32823158
48562774
45943294
37542954
41462816
54761624
40402700
47862042
46662760
33623156
54982872
55862276
35983486
46583048
40142908
48363520
42743402
54162190
52583744
47584660
53562026
40023260
57241480
49404330
49141976
57382342
43482400
39643070
47902910
53223766
35602386
40802880
53401992
30982240
34923692
31341764
33462258
31862318
56442804
30701914
34682352
32722896
27402074
55482830
38022458
46764264
51084714
52863178
46543016
40222954
49682854
44823046
52003590
45123664
50243770
37222454
50084936
51882794
50143146
44922814
54682634
45102872
55922170
34261784
37542922
49263162
41622430
31522294
38742848
40302628
29042446
27741996
55082386
44162176
47903018
44003348
50683440
48223428
48803108
31182080
35702510
30702072
43902424
39643044
55982576
32842038
47044394
37202844
46103054
35082366
35642566
55542666
52383532
49043132
38022556
35703684
46902548
34742828
40383116
28782280
48763126
51763350
32702232
32461748
38062412
33622878
43603312
42002870
43463460
49063430
29422056
30782216
54122314
47823168
51283776
46342044
47404854
39003036
33542820
31402224
51464746
54182272
43243438
46584276
36303432
30262114
32962304
41422802
40723010
46922818
45462058
51824026
46183214
45403682
53243818
55882790
30702224
41263260
47403342
39482622
46361652
53921658
44062716
52724656
45722782
31121884
48304768
36403384
27662020
44102764
30342098
39002686
47642802
52043328
52162548
33122048
31621702
35662088
35322128
33182180
41403154
32762198
36142512
44583906
35083168
31962288
43042410
31062274
51423424
51622824
52123368
34162858
53162014
32502314
63881610
32222306
54061820
33342876
38962916
53743702
55382326
45563626
31281744
52684114
44162248
35242198
49803078
53542080
27782168
39362532
43483092
45222776
37822572
49282598
34743232
53722728
50422712
29082234
51563388
39502862
29461710
36202520
36422532
37523060
30222280
41523324
44243958
46443836
54382240
30402388
43803188
28321802
27281872
29981782
36662748
33862312
44982934
53822414
51824598
46203316
45903028
54482458
48323412
35362952
39622874
46263956
46842776
53821966
37742488
44424048
47244096
33922188
37723060
47103460
46462988
45902794
46622080
42122390
48302960
49123302
49542974
51523258
49403082
39822832
27421740
35702942
35223196
34142908
45382964
34563628
54741854
30923436
36282810
46023190
51942886
42022722
47364458
55942752
37703016
37482272
34482184
49502488
54182624
53502372
49242972
51803344
51583018
45162244
47802022
32642230
44603282
27421834
29082130
50022946
41103314
31123392
31961824
45582542
46303412
40022644
34523380
32301864
43162732
29502312
47802676
42782848
41323222
50984204
31901836
27581944
43983324
45582566
48242468
56542698
50043398
49543384
46224384
49063270
47603114
48361900
32102230
29482360
47903032
48644810
31961972
55021786
31781694
54102180
47402504
40542668
37962708
36742520
63961646
51523186
43263644
29362088
45064034
46923952
33662828
51423746
31701956
46202550
46684440
48122978
50164324
50103058
55161774
48444602
36642520
57102470
53403840
42743312
44062314
39342876
31462350
55562854
34042708
40922950
46261622
47202840
55822366
43863198
30801826
45823098
54842098
50122772
54602558
36802506
39542440
50323524
46982126
44962896
44183208
50342974
50123388
45482764
43723378
45622768
35222268
47602746
45723610
34302034
43563124
44823016
35741810
32743144
42683204
40603228
34063232
57662442
48304682
41382408
46622488
45824034
45383846
28341858
46543812
49743350
52582806
37102442
37003278
48563256
48623014
47343196
46764084
38642440
46244584
40943088
56262422
40042632
34662736
49783264
57382436
47303394
46762084
51544322
48182988
46842036
31643530
45262260
54221706
52844398
52601908
40742338
40182674
53003714
52063448
46143296
56802414
43263180
43622524
46942540
34922992
44102884
42583674
36062928
51524864
48962956
53742088
50823238
36402894
50043406
52664358
32682270
42843368
32623650
30442150
44543620
41362926
36102404
37463000
55002246
47143954
49781964
34422808
35422788
34382782
48522030
48442820
49602904
56242124
32402188
35343278
31643466
54702502
37463032
57322470
50762872
47123394
29062344
37283022
39202566
50642910
33562196
54802350
47044076
46342902
35123194
33663322
31981674
51264552
46823292
37722656
27561808
37682528
50064620
41503228
36682930
30142242
27781988
43142434
39642566
34902748
37982794
35162186
45064490
54662856
47762972
35582574
42443656
31903624
30641670
47142928
38362312
50003052
52583090
47044138
34121964
48583018
40202900
35722394
31602052
49103202
31082298
35022840
37103022
34342788
40242832
45144632
49982998
34862224
49684492
50762668
52264004
52043384
64141624
35842676
38122638
51043092
28861996
39342760
32401972
35323916
38042762
52284302
56822538
54562370
45324088
56462844
28681812
54282106
56562344
52724716
47682456
50123790
37362912
35942460
33721748
44722862
41823104
35963362
43523066
37682748
34083692
47604510
53482412
32401810
27282062
51404520
39282400
32281812
48743368
41503234
30042340
27122046
32322310
50763110
34622302
46983938
32222012
47282530
45602698
35562854
46282880
46763346
47283018
38702362
52243120
34883548
33783304
39303080
53843812
28862370
57182452
40442640
45603000
51622630
37162988
40282368
56582780
40283268
51842882
28242258
40402632
44243188
41222902
51542842
55842120
44402316
34262892
39782386
35802556
43063478
48024916
53223790
33542024
47664538
35182970
49063502
37722516
50283824
51142754
33702300
35402962
36922952
35482492
36442808
48321966
38842998
35562792
46942598
49362894
40622938
38102944
27842412
32883646
36022348
49103130
34041988
36822922
39702702
44043316
55022764
47882918
42582916
50502822
37442606
35403874
43542480
38022614
34202126
51243316
38322996
47763356
39722646
41622728
27641810
44302538
34942960
46743736
57122406
33422064
32103432
39883150
33762084
46724488
48442784
52183848
47404022
31961900
36503484
37862576
42783028
51843322
46363782
31003460
49363118
27102048
38462556
48062486
50583236
38083124
42583630
37722594
56142442
44844068
45844198
48763000
57981790
34883876
53662538
47422596
43482298
49462656
37322870
35242530
55642790
53682264
36963284
51044766
52364404
35802568
44962770
30303350
30182110
44543906
56622490
42743772
33401712
27882088
44762658
47402960
52781994
30562180
38503072
35902872
53981794
36363232
52562666
43542372
36943250
46982558
34682440
48362980
46683422
39082556
45422828
42062496
35122628
39282940
37183258
34662336
31163396
35322786
33242196
46783180
29702264
41442332
38122742
45323416
40462318
43723018
28941694
52063568
45822792
37922844
28021920
37202730
33222034
38822538
33342138
38402788
45463044
53302448
36303142
51563456
38122954
46123694
46464656
28682258
36102360
51544566
31401864
42401812
27941890
49681984
40663186
27921902
47742418
34341960
36502854
50204248
50323102
34201958
43363158
43643708
38302750
52463060
32423468
42703424
64121612
51483416
35382900
28121990
50923068
46542890
47002970
45482974
42223056
48503178
46122830
36982782
46263208
57202296
38642944
47702088
44682160
49203054
37482958
42543022
46602838
31761666
35083360
46223840
32921844
54142086
46023802
33582250
30641912
43883310
49744458
43663444
49882676
41743348
52523178
46842660
54102088
31742208
40342694
47862700
33943930
46744180
64501654
53742358
40022284
47521548
46504012
47582464
30522106
31442046
51724832
56682820
31501820
46964364
52023674
53661908
47122904
39662540
34301998
44563038
34423622
29042352
45044046
43622744
29882156
50283450
35082924
29501736
33382200
31423396
34182024
49983036
48402592
38842842
51224326
34882738
31461834
52042582
53622808
42482000
27901840
35642918
46323810
54701620
47822358
47283172
45544028
40983280
30482194
51123322
44323520
34803882
36282358
53662780
35642306
39463178
46864494
48943054
35422562
45943244
38362528
35222164
34902106
32203504
32543544
30701824
44822974
41783042
31722206
36842992
35122160
45423778
29642388
47782620
28282104
52083896
38702296
47763486
28521828
32863672
50883856
50642640
40063222
27741862
44583982
38182780
38262486
49781958
40942332
37482574
37662394
39243026
54402188
29022196
35103902
43263310
56342362
46942756
44143024
51503628
44383432
49043304
42983030
44162612
32741746
46583094
49704302
47922656
35142952
55182544
28022208
37902998
51963222
33643176
33683148
46661644
28282052
48243152
31021866
46362548
44023288
48083518
46084690
34722690
28822190
41063158
48243424
54222490
36683340
28262354
49985014
31822320
47962702
52943734
37922998
39142998
34282278
50663688
50324358
33062242
44282592
34983936
52264296
45882528
40582808
34203686
50863360
29883398
28102276
46583412
42642870
49081786
32122350
50024638
39702592
32202298
51584502
44322988
35702280
46142780
39762996
55942836
29821998
41943188
50263264
47982606
40662838
39982906
45883284
53441880
39882756
45702546
37882764
46803038
34662058
54562394
53003638
32222236
48562518
45023054
51783790
33562236
64321650
45682926
32702290
36042056
34422750
46602880
38342990
33843170
50204260
48862938
51324008
32282028
31162194
35043636
33962088
34163164
44683034
64341660
40622592
54622560
31541912
30002232
29081914
49501954
34803342
43622788
53301722
46843330
30602126
37942774
39503060
46783216
35543316
42803638
28602118
45422600
40502974
47803196
29102088
37442578
53521888
47402684
37342332
48882576
45023744
36043300
39103120
46902900
30362124
30902160
33523192
46742542
44162752
47683222
37922566
40903172
35943358
34922872
45422788
47623474
40982304
45143872
36822808
40883130
42702998
51244230
28982354
37722810
38682780
48703198
51623170
36962550
34102232
37202980
50303510
47122072
39202426
50303796
46323342
44764342
50183710
33861998
46742908
48083148
38782872
46623422
33302174
56202228
55022224
33862190
32242244
48622874
41822888
47262610
38623132
46282518
39722638
52324000
42562452
51103302
45762552
38822376
36443286
37782964
53922286
43243476
52163834
49423458
39662968
42243370
37203270
53161964
50862702
49663338
37582914
48163386
53344390
29102332
39503132
49643040
36022478
27402098
41463364
57282354
46043214
51324680
26501768
38322838
36042958
28462086
41722428
41442926
40883364
50644206
38122530
52863926
30401952
44203196
37482368
47924816
30882084
57702634
31121830
44063008
43163074
63961624
51444606
31241994
42942810
35641802
54122722
45503616
31301736
51643324
32541630
51984498
40402458
35502508
45702042
36482844
44822196
32182266
34942766
44522978
30303440
33242838
54101936
50163198
34962768
34661944
35562688
31562158
45982980
46363558
31742100
51923448
49424956
39982896
50862810
39983050
52704592
48442978
34603718
27802128
54201690
41742438
33542046
32962250
40342654
45803386
38222946
48483504
47362464
51983074
46403368
35442052
33142132
29281750
32523556
46383154
32281794
51403024
55282096
33762314
49382622
40763224
31001702
32922190
38402586
44522834
38342398
32942290
30581782
38082868
34402082
47524906
43862568
45123672
27961776
51984768
44262618
45642280
49684244
34442410
46743162
27341764
34783538
38522308
36222916
44863206
47022868
53882532
37662922
53484418
45283114
53781864
49143334
34762032
51963732
43123540
33722172
42683662
48782524
28021876
46323922
48222466
51043218
40562838
31082244
43782660
27862166
52343260
53503974
44463232
29901646
51863338
37102424
36243140
32543642
54662376
34662072
38403000
45784080
45443618
50203842
52603982
37742290
37822730
64121616
45963158
34522374
37502442
34882608
47602072
32403440
45643070
48222982
41023042
54562042
45762134
54022374
37102906
36782654
30243358
31101870
51502982
50243808
30062198
53442046
34243258
28022434
48302654
33782178
45902074
42063118
43483432
52583914
43962414
46083170
42683276
44283232
41202856
50604932
44723314
50203194
53182602
44882950
29602110
47222024
34982180
34301926
35663702
44423268
37322410
49283070
37002944
35003546
46082270
45283656
41743212
55402368
44703356
36342420
28142014
53882194
44922376
47823358
51723382
52363912
55342512
52624148
28861816
40282390
44983738
50564188
42781984
28822448
37962874
34681948
38182550
55562244
54582038
31161906
28462172
48264706
52223648
45044252
29982310
52322722
38282910
50323782
54002714
33221806
44483216
54402686
42942494
36602820
44922792
47843016
50504586
31082242
37382982
32201826
51003646
31921920
48781948
52262950
56982778
26821972
38523064
45323652
53402700
52443428
40643274
42382844
49782532
42962916
43882576
50004606
48162926
57341932
54682148
51423288
44843036
39743026
55642896
28042414
33382062
35282252
50844708
53102714
27702214
45943114
53782688
36122442
43923170
30862098
37542990
39222466
45303214
43823096
53141728
48523066
44422228
35842114
32722900
45463042
49242912
32383474
28281956
43722372
45642526
51442868
36962888
52843578
34382002
43742354
48863460
42042836
34942268
56162512
55802462
48983302
36002398
28861614
29682168
40743036
32641960
40662852
36642930
54742700
50123250
35462954
40122888
32443132
57482410
32022196
39962612
50702848
45543206
46862914
51324422
35062854
31741992
30742216
53484422
35063786
40082404
32321656
46464338
32903682
36902480
30261988
54081756
50463176
50023768
41323114
49082550
42383204
54781790
39362740
44303198
55582120
48123230
42703210
55842858
49665022
36602428
34982608
30702274
43083126
34622060
54102710
29062008
35183244
46683414
55322918
35942412
53302618
49244502
49783438
38982828
42763146
37862536
55422654
37182674
52062696
56062862
48102792
29761812
34902136
53123608
38242494
50143110
39082754
36942490
42523228
47463196
32282086
34061876
51084228
42703340
45263406
41942900
29602188
44303400
55602676
50483070
30322254
48221688
55962150
47142568
35503208
53741794
30442226
55862770
34942100
29481960
54003782
47661942
38122810
51763440
42223692
54442524
47803332
56062430
40883024
35603166
47142658
27501798
50363340
44742732
33802872
34523732
41803110
38903022
54001922
31882312
37283036
52443724
52002762
46262722
50483172
46463436
43462740
37662940
47542646
48461998
36462926
49884274
40142566
46203924
34623760
32101996
40242558
33881756
26621956
38922300
52303998
56642406
33981820
43242450
46922920
46043052
34662714
48862560
39002614
30102282
41083224
51504284
35843526
43582284
45363100
36083330
33741738
32063490
39242324
44562162
54642044
52463908
48264962
44502448
46681664
52943862
41143330
50242604
36402700
29962146
30721668
38202292
51623710
53642450
34982766
51903130
50124216
49781956
45282538
36962320
40463138
34942546
46624108
35422814
46543150
46683014
45743960
50083384
34382080
43943428
57082320
31863622
33003638
47302102
50143282
36263168
34863322
47342704
46923880
31962206
41982886
45242190
34962808
32021980
42743134
48183402
44483176
37902882
54362138
43822740
51183050
43982882
50184210
45203672
42321844
46282766
40703324
48644172
46323972
51243496
45923018
50083106
42023114
32862126
57102390
57422504
48263526
54642498
39222334
48544816
51843362
45362764
43742322
34762370
42482498
55442522
45962240
37882836
35822314
29061990
30421928
29402298
43782700
31883436
40083082
30482176
53622690
39982762
40563176
49583096
48043410
32583640
49682908
32681954
52844068
31642320
48122968
55362638
41762390
52423612
29702110
49903232
40102782
56042230
28201900
36602180
54002098
52603622
56802342
44722828
31301956
30162004
46783950
31261992
46562790
44782894
49505062
57442280
46802918
57022386
50523252
44942190
37443332
54502404
43423460
52823606
52583932
55021774
45643080
34882320
31381916
46002574
35862884
36663142
39722304
55062312
32403494
50744896
53321804
37542660
38443150
52983558
47343352
46023676
53842438
33502178
48663454
51443782
34581962
37762652
52922840
40023230
31962022
34022012
49744354
30741924
29642172
55802362
56342242
50783864
42603006
54341736
39503062
28622074
45283188
43403222
54221858
30842276
30123356
53224014
34022228
51583084
36902548
48102632
48503298
31262362
57682620
50264450
47984088
48723034
45244106
32901942
44482968
34341906
46703952
27601748
34021972
51583484
50301936
38122980
42042900
33461970
54421794
37982494
37362216
47263440
51302894
50783090
55562110
47882408
39682512
51303460
51683960
33661930
46144484
27382010
31602090
57062648
48584616
39822650
37162926
35862768
30801772
43923046
44363856
46163730
46482832
38342534
35502476
39882682
30741676
39462832
54202676
28242042
42583034
34683244
54121710
44943432
45183344
45002200
51244042
37322662
42223252
44783022
30522256
46363376
43762762
46842810
34663624
45522844
39683258
51404766
43762448
56422152
45962942
53342064
32242294
45743266
39223000
44162798
35302622
44002992
36402376
50563366
49764504
48023382
48461980
36682900
52303412
49523276
51684760
46702602
50523052
45422554
53581728
44202432
40982506
36103326
50944888
47163056
52343610
40382640
55182660
31561942
28902084
40403190
50424656
33482164
42323630
47103034
47362492
49044846
34962538
35663212
54942362
35742166
27962100
51102852
32022132
52304316
37922362
34522732
33962080
48282814
49462626
40063216
52162782
27501792
44483302
37182664
54242456
52023766
33383280
44862290
35263594
42343640
44543358
37062906
35582802
50143404
35942520
46862604
50103076
33621960
51443192
38262840
50522782
31861634
47182028
46163046
39943158
57042762
34562678
38102782
54742142
51702776
46642712
40302982
42843056
47642704
47021580
45922780
46482646
47682478
52081884
47082084
45383672
49123014
50604008
48603254
35763316
47183900
30643406
40382982
53521730
36602456
30981646
34022170
51963504
40602954
53422066
38042838
36502890
48982496
46662544
51544232
33581770
47122840
26962032
51784626
34922578
36482268
44622772
40923230
47443180
47242414
46722064
39883306
51143420
50984532
51243352
54042434
43663254
41322728
35542254
35842124
31202190
51223324
35562882
40383112
50423240
37142964
37302886
49343018
34423772
35042982
44883320
34582104
36542210
29021620
31543542
44542698
35203566
31922194
34682370
33821866
48503154
40603304
44723078
35022062
48942646
34402770
35162554
42723306
57722478
34142110
31343472
29181668
42723324
32162134
45402814
43802762
46563168
38183112
50283162
49723408
31602016
53422810
40722724
36582832
51304082
53861876
49663014
52163656
43042842
33042142
35163810
48043014
51102654
34642862
40102698
51602826
46402522
53343806
53041944
32002252
45482550
28582148
45823818
54201884
57682602
50084306
33642006
31782360
43523376
52063132
37142450
47544566
46383366
31241954
38983116
40702802
29461902
47382038
40163150
55102352
34822794
50284274
36642544
28542304
38302626
30522234
42643410
51763246
29402028
46702596
54762094
52283826
52901944
31621954
30081880
45164418
51204032
51982742
30042064
54702672
33141902
48704820
46804540
37882332
39082582
36662830
37262560
35182286
34662448
44343364
27662278
31022158
47482572
49883068
48641936
40102962
29341706
31323478
46604008
47982796
32461736
50504794
54362666
48063520
33903674
35843546
51003846
41342992
33541758
51043504
47463370
36702924
28882440
56762698
35882756
38762554
51363378
56242452
33442256
39842424
37782564
50823144
35302366
32982894
51543540
35283268
27641792
35723556
29961908
32521936
39182332
50343882
44423912
45622992
57002430
35122610
31041882
48263148
32741848
35122586
34602048
38442606
50423828
29642260
47662608
36822832
46624510
33021954
34042016
33802284
27842046
33542924
42623286
53582836
40062850
30262078
46362702
37682492
47482368
52304412
38762824
37623106
34704002
52961930
45923000
46802684
50242736
51023510
46202044
56942450
33822088
56082228
46423392
42603592
51783252
47461588
33822186
31562186
38262408
52202720
48342894
55862892
47943158
39262302
54942678
53162032
45283926
39302654
44922328
27822220
44602882
46622926
40123018
43123534
55602672
49903096
39282588
46383352
42702484
38742988
46322888
47403418
33862240
28622044
44122592
28722034
45643098
32142152
41943226
41462464
45164238
49863038
51302936
56302234
51623002
32861676
49723390
47902694
34962872
44423040
34222734
31562222
45223426
34602382
34622162
50102744
37362828
34463636
32883654
46623718
29182388
48183852
50982994
46202926
47101992
44542396
33522218
53842410
53422734
56622404
51163110
36822648
36823152
56522314
42902446
39122882
29622148
39622950
49523104
46643356
45682800
36143426
30922284
38363000
37663082
55221832
50562996
41643342
47163440
46563928
49282590
40462544
49342852
47644096
38202866
40443118
34343358
48223546
36023396
44142696
55842354
32202118
45123798
43643448
47882036
51403480
46624504
27961830
49462914
40843104
45222156
52064590
33662002
34042106
45302838
34503646
46324314
37382568
40302964
36443370
50983316
48063514
50003130
45604462
46643798
37261856
58002656
34182010
33682124
29101936
51304792
42163704
39623104
45883072
46282232
34982600
54742500
39583252
38362888
33361780
45444510
28502266
41603222
31681858
53861738
39262484
51623296
51184242
40363052
32761900
56902474
33541974
53701744
53022048
52063084
36122422
48763414
46502986
37482606
55862600
32283508
57401938
36702150
33722896
42343116
48704178
43983266
51303466
39803036
54262380
43383038
30122006
43423260
39102596
30342270
52922036
33341814
54442628
48522916
48064576
52023296
37342614
45003802
36502998
44483888
33342272
53042016
46882800
57121474
51741882
55122250
32363418
49243132
31721972
39462502
57342484
40102320
45644232
35742916
28162044
32263520
39962758
53502000
39663032
40962994
50682678
41503150
45322786
39102592
47882710
54842632
39722952
51943980
36962870
29062178
32823584
37962844
50343782
30622172
44282160
45463188
52503628
46103230
50463230
38982480
47843224
44884264
56262804
36163428
54023780
46602520
39082726
48703002
54962212
39743170
50163054
47063340
42261960
49463202
56482450
46722808
48264944
48162856
44442424
50924566
33341832
40142552
33962200
30142128
46622918
34302062
39242476
55842124
45423414
32381704
56881472
33182122
31582218
47323266
38863036
45562960
46802836
49883378
28941636
47522354
47622948
28181910
37262206
33902834
40902794
51943776
52263882
56662738
51403128
37323076
36062856
45142270
51423054
45581660
47202930
50223106
47262854
64561648
35822588
35063598
45004144
40803304
45762830
39922864
39603190
50363728
47883118
51543162
41462950
43503792
40743144
51443502
35702788
33242074
30782218
31061994
45523756
33002288
44403978
53701830
28902202
47182460
35662644
33862208
33321782
57522378
55902228
41783024
51163276
31742108
26781924
41961800
42803686
44502940
38302756
50962762
37562542
36102364
36243364
36562518
47402086
35683516
38442522
31382024
48222712
29882182
36902920
46883028
47024834
33342062
34803904
46223228
34682152
47383408
41962970
36042868
37622506
34882806
45202950
47022072
39502980
42683392
54022712
45262902
44923270
33223294
45702186
31863388
50703800
46922956
36883294
36403466
40082970
49682686
42162936
28501718
57422368
40102774
45202230
56822664
40262262
33062146
34562386
46904730
48983396
31902066
46284436
44023092
40482780
37202452
51543810
46762990
46863242
30562162
46002278
50802962
49603080
27942170
41923122
51622914
37922610
42702092
43522908
43103782
47482742
46042890
32761930
40082530
46563388
51423186
30562080
28782352
50603508
36523456
39603254
51283294
50003746
46123820
54221878
49684234
33283932
30742062
27702078
43023674
37302542
39422458
51344018
44362206
42823374
47143320
29061714
37022664
48042330
38023052
46923088
49903078
31321796
46663174
27982128
38103028
37562424
33121948
50303804
44443900
40282756
34562008
45803294
43483450
39082446
45503602
36262902
28001892
31742298
52941934
53402002
47942644
37422744
49122838
55842768
31482204
49583114
45063904
54002728
64361666
48722884
30662072
34963516
49803456
50002716
47083830
50342938
55302218
47802840
45743924
56302828
56722286
31022186
30182154
43882746
54502490
38182910
30081908
45981666
54062374
37442198
47523214
47982010
55382322
37682464
52621884
32461978
52744124
55602654
43723032
55442656
31462158
42642402
28962042
29762032
45762828
26802006
29842202
36522478
27841764
54162366
45742194
27781928
45963134
34143640
52483376
35202112
45682534
52504072
32882218
43482808
52182700
48322560
45463200
49684522
37843082
45343456
38022606
55262704
53383716
36222718
44323564
41123136
54922546
31062382
36882870
32002134
42523704
33622022
46203982
54782658
51004390
42163132
51122864
40683278
38342494
33643198
27241934
44862332
50305068
44442552
48921958
50743720
37982990
40422988
56162308
39022386
45503836
31181858
54581728
50022582
30922122
45043246
47482878
52403700
30321656
47344108
53141998
28622336
31561970
35402170
48302950
46223742
40642570
45183758
32922870
52104554
48803018
36562744
42063160
50822698
55882520
37822658
56182824
32102006
35862876
37322370
35822116
52923178
55462142
32803650
33022206
48622950
47782710
33562178
47382948
55582904
50523678
44782410
35962908
31861832
30002116
43522912
28321740
46902990
38222928
52643782
51062872
29641764
46682996
50142958
30482068
42762486
31481974
50024598
30082250
46644206
54122092
38002636
37102640
32381728
46062484
54901802
45242852
37803100
46104688
36242474
29781738
28581838
39302730
42743636
44662356
37902454
64501640
31442296
45603292
47044660
39102328
51422722
53662844
35802100
31022226
44863676
35222970
49803214
44642476
34562164
45822190
47304858
44122502
32261948
41043298
51122642
54402020
35543694
48222532
64561634
37862720
39502476
34563254
27082044
33542208
35382102
30643484
28142338
44462524
43082744
47082864
33042138
51144818
49443136
33002014
34762694
30902136
51663764
52683216
47282434
47263260
29402108
27401990
36562608
51403214
51183238
44383218
43682916
46322856
47522738
44822990
46363042
44343194
37903038
48243826
55061800
33602898
42863582
41243096
42502968
30602296
34502106
48502792
28781686
37483100
54502126
54022068
30961768
31441974
54162766
53381878
53222002
35142830
46401598
56722752
47062620
31482034
45004474
46443082
53002836
49963252
39523160
37842772
52243214
32881846
38202588
55262362
48783260
51023276
52663920
47782938
50643266
34662322
39803150
39063152
44843348
50323756
39822902
26922008
50863704
32022142
64621662
36642490
49263460
28562074
50842998
52442780
36422762
45424318
54202132
52142866
37842812
30341990
45723062
30022242
35402344
50482808
33822042
51904372
30202050
36602982
34243370
35643170
27922070
30581710
35623252
50001978
39982572
56242314
32942206
48761758
39302432
49223070
32682054
54182126
46402932
43882598
31983432
44922124
30322386
51163442
40182768
30462146
52122732
35183232
48703288
33402102
42803566
35362844
43783070
39942978
47822944
36802970
50444294
46943174
47842890
30502116
29161892
39502656
52203286
52843740
31801848
32681882
39982982
45783346
47043314
48283402
36282378
38162794
37022848
40463278
30242290
44122754
53921724
51844828
32941748
46243140
55262912
33342260
46203690
47943260
45823602
41463314
44562512
36842488
31122088
50002612
28822136
50241908
38662878
52522800
45103150
46882810
50283684
26881884
40622686
46763274
46782928
32702124
38582888
47341620
50282928
29002240
40383036
50285020
42721934
46684084
51943150
52844586
39843144
38882620
29221700
34203250
47423132
40643002
43403328
39803276
36222454
42942984
45522538
48463444
41083182
51663370
52581944
46903074
50763712
29222150
49583510
38082872
31422048
43202656
43422772
56262566
38202830
30581992
51482956
54562338
51462870
40842996
48522958
54082656
45662196
49422922
43143234
56842616
47203304
54182674
37463054
43003176
58002466
52463276
34783190
27462108
27281778
55822788
31382100
30601678
40242526
49543340
43483276
47483206
56582522
33901790
32682156
56022530
26961810
47302896
46264348
32861968
32462258
27342078
53563892
40743256
52783666
36182836
33122206
51682592
39862632
47802598
45683682
47243348
46823454
42643708
39002998
37942966
52282502
41403062
32703664
42622400
54042092
41762354
47703232
52043990
41963274
50183484
50783402
46343384
33522182
48202782
35002800
52284086
54742388
54942650
46703700
39742602
44842356
29202138
51443134
35642522
51624516
42703006
55982432
46823950
29462100
33682016
37802782
57841488
34242102
45303654
26621992
45764748
39482708
43503276
54021898
36062888
38743052
64301644
50503142
45882802
54582036
46703240
37922326
45124060
48962534
42223686
35883364
49163288
52803628
47182604
53983806
42543508
45744230
42341954
46603720
44023268
35503892
50963144
51682582
38582334
33562146
54542702
52482660
53382724
40042746
50003346
54142464
56622166
46442534
38522540
43503474
56582132
47682952
30902026
52804044
32283404
52482516
55442650
46702836
32062140
42703528
50623326
45864106
47242062
53302592
41383234
51082806
35942110
38342686
32102154
48944464
32542260
53761750
36902918
35843670
48202472
46782546
41942414
34943222
47962818
32942144
43602344
36122350
39702826
38803116
50823108
43982396
29602026
32903664
45743270
31742216
44983698
32921718
49303410
26581768
42422928
49984954
45623790
57542308
53822020
44462854
39723046
50783852
55922848
45062870
33182168
40423090
50382960
50944240
31062180
54782046
45163900
57022320
47242614
30203416
29922200
37322640
44302978
44703806
49984456
49422886
46962996
47063352
35643586
36082448
43482916
53464576
51943890
38263116
42822942
31362030
51543472
38083126
55381792
34822746
44863026
46564072
29381732
35402406
37762598
38382380
47402720
44683820
51243378
52084408
28262206
47262832
32721860
51443184
29041888
56302166
41882386
34382792
41363088
51383790
47803354
52624688
33042322
46043682
40563342
55702812
52803194
52623094
46264172
46762518
52264310
49922856
52142854
34222006
34203434
36182944
33662182
35322026
56702396
41423238
38762644
46503716
52404364
32062154
46902058
50223082
64361658
28762400
47503222
50163504
41023258
47461612
39302410
51864278
53522820
30201838
45123028
46182538
46384024
40063150
44362846
51903216
45263664
36942494
47081612
48263198
55502276
45183934
31302240
40582782
30102228
49502800
27422046
45183754
34662696
34202002
30582064
43182744
43542384
45683146
35823262
49343428
35322282
42583276
49002966
48163162
43303664
52841980
44243614
39883142
51003842
51722960
54401626
46424602
50143026
40283130
44223258
40283016
38582964
48322764
28262218
38602440
35762890
43603226
52303836
32503512
43323582
56582798
35382090
44242260
37762494
55162738
44744146
44862308
39502746
32461820
37503112
57002412
42883642
53022036
40463134
38122986
46902062
37722688
27682152
49864438
52984070
36582598
37062550
57842474
44623180
29381782
48563480
45462774
39343078
28282402
33421990
56001494
53043880
33321692
44382496
51442824
32142238
48143154
45722890
35502584
53702384
30561882
29462178
43542964
50424530
56042284
30561964
52964324
45204422
30342292
45102206
39222934
37542376
46182144
52783182
55462240
48722956
47502604
33541708
31321982
44603160
40823164
46403358
33842264
30482054
50763416
45803042
45443348
46502140
40503170
36242942
51003332
46884288
43402482
48522562
48621908
36942454
42763038
57362424
48983198
53121718
45362782
42182928
48842604
48242648
49144846
48202512
54722368
42842416
48442676
47623034
33741768
33842216
47103016
38102854
44363334
33242316
56181488
48524898
37622702
45402214
38082958
45742536
45983042
54002054
48443130
44122276
48163286
49144936
42722874
44282848
52043846
42063100
46222102
38742958
56222738
44923674
43203314
50403422
54382456
39602602
51943644
48382500
32782132
50181940
34603942
57262320
46502568
30922224
48164830
49644912
46603032
37582620
48902836
29202218
32763638
49203116
38463052
36642548
45263844
46882468
39923196
28882386
54602370
46284248
48563202
50663312
50863768
46763250
30162232
53223606
43823010
27261854
46223196
32061726
37462960
36502594
44842232
42343762
44022472
42283356
51444232
39902632
43263126
45063080
36762328
36403160
48143424
44402206
40182632
45042224
33701792
47342596
47864058
49484292
47642668
32283674
46262090
42582468
36042560
51343438
35402938
35482646
28241740
32462072
44203358
40182818
51764088
30182160
43842844
33262018
32303424
34282782
46122902
28722422
31242296
29482094
46542614
43283586
43443576
27741758
37622342
38443106
33482872
47224652
39162624
31381884
42683348
48802646
29782304
33742908
32002162
48125052
53682530
49884544
35382282
35203692
43203110
47524064
34462020
56022224
43663376
26761984
42383034
56042132
46343304
53201958
54862216
33702062
27281746
44143628
34942932
40662820
31163378
53381806
37782946
31641672
55842246
40462462
34283640
46343420
47821962
34302170
53581804
35522852
28902070
42783214
31421980
32242118
35162820
53802730
42222070
47224138
47402780
47562588
37542526
29781858
37602982
36562982
41803206
37462982
42383118
39303166
46744276
51524414
57302306
49701960
48962990
54502734
37482812
41883154
46143688
47282038
51864706
46362804
35662532
51923772
36622934
50622740
46103112
55502834
51183198
44062966
34403374
44963344
35143218
34982456
37442974
30062236
30522264
33041872
37623026
34642422
33823392
33542086
44142956
31201668
46783150
34542168
64481642
33562260
47622066
29322016
46264024
40603322
50782730
33781812
47442354
57622304
50962784
34922822
39002352
44322606
54762656
46641632
38442940
45824010
35883158
38883044
32561992
50762992
53742684
31461892
32201926
50503504
55622918
40282980
50323088
47184170
41602852
33062046
40322962
54862666
42822906
31342160
44243602
34943486
47763274
48063170
34902946
26961834
47702018
34822538
50523872
44702878
44422890
40962718
53581818
50143092
48743462
51903688
42463662
40902862
51023840
34602044
54662362
48743322
34762194
42622742
31682242
49683178
54822634
48203430
44462542
33582102
55782866
43962358
34843224
41562402
30362268
29162408
54801792
42982896
51683400
52444066
28602154
40543268
37382856
46643078
31322314
37142414
27562154
45543650
41442436
51224024
38803180
50183110
32562862
30483458
45124482
40763136
41942882
39703042
51383142
52523736
34042304
52523170
36162448
55662488
49242994
53264602
51263088
28861700
54962356
32323656
37223332
54222336
46502632
30381762
43162972
52004050
45704242
41863078
35822576
45944144
54742798
45943084
33182266
36662416
34983770
56742750
48963160
50164564
31003516
35143880
34663314
48142988
48883006
37402504
37002718
47944858
37263026
50683780
47942324
44423142
43942986
30082068
50763676
46403760
36262584
49002642
42042724
50523376
44523878
26661980
52684054
49462810
45382862
49422494
36822432
38442508
53142614
45382258
52842814
40903244
40182372
63941624
49024462
37042428
36063158
46442110
37462762
49204454
29541908
32762110
37162602
36862378
30303392
52763704
28902368
53761992
37822316
50983666
63901624
33322082
44983158
38082666
28462104
35082546
28782376
35402658
41463108
48602954
38662800
34923232
36502918
43742854
50464646
48022840
34102110
51983242
54361822
42183162
27602032
34423748
47282034
48183492
55082612
40722926
40723226
54482326
45283402
51323140
28642068
44362574
44043312
44103512
46604332
32661966
30342090
51763488
46522632
47462596
37281854
51084772
43202882
48642926
46624370
47763284
49063134
35642668
45102242
32482200
54022718
52982024
44444080
45404054
33661802
53124026
46762530
53322062
51744792
51544886
39122618
48523354
49564296
47724116
40302658
34843578
48721962
38582810
50782700
51364520
33122098
50542814
37503040
41723286
36122964
50903250
52643982
55602316
51083148
37942486
41243220
40563230
53943778
33602152
40363260
40643166
63841602
50463706
46984648
39822736
37081874
36802592
56862808
39722592
50263510
43443572
51563484
35243372
37262452
57282476
26681936
31002188
53084392
38642514
37902504
48323304
41763334
37181854
31543564
43583252
43943096
40262620
37982614
55642550
49803376
30462254
38142514
48421910
50343442
36922338
44163206
48522520
32481836
55402644
54521710
51443016
32761892
52423744
31562104
32762854
42842872
53461984
48023094
42263148
37023016
52101890
37702422
49623046
29122076
48423460
53842482
40923058
43463466
53423958
51803796
30161874
40202856
47743406
51143396
44782486
47504868
50422772
30742000
32061780
50343760
37662706
45243076
40322840
47602466
40783128
31441684
31982236
47482914
52022846
36822472
51842632
45762220
32402044
40503262
29941718
52123816
52462790
34962758
50144538
42383340
27962122
46763236
34242160
54902638
40622910
33642132
35222790
37062618
55882836
51363670
45282548
38002988
39922876
52163856
46362916
39683114
32143470
38322852
41822402
40762538
47623240
54462340
34282178
41642406
46262642
44863910
49622620
28262224
56402378
42363108
47623290
34842160
32462114
49963092
44262982
56742782
54262386
32123474
52163390
44683300
44922264
41122890
34622842
35103350
47803306
33723148
35223672
49384382
46002994
27021978
51624408
42843352
33322158
51023304
49343204
53842420
30621916
48461982
32302116
30762214
30902278
43703092
45283438
40042656
64201620
27121938
57382616
42202476
55762572
44062756
36283466
56262342
45942828
41523018
40963318
36302586
49343482
40543304
52484488
28982090
40643310
55602118
34263702
52963730
33862888
35422818
38102766
44383584
47284162
42483052
32561908
35623474
50503900
53504414
55542372
40103148
52043072
31261756
34782358
37022440
37222432
43023692
48164838
50843384
37242856
30122054
47763500
27682054
52244090
28081742
52443122
35183676
47343206
44002450
39442502
52742810
50622980
47804758
41743140
31602300
37402414
52262522
32922214
32782104
46544290
53023150
51384450
42883452
46884162
41763398
32221904
47482598
50904178
42162864
31602102
39282538
32902062
46164042
47062556
51243394
46202998
34663894
33021998
37301858
54322428
37102654
36462628
52264314
34922548
56202632
28422006
30023372
56162290
50543638
42763012
46564068
49062998
40062886
33362870
30002028
43822956
46744252
30723514
50163396
48943024
53803788
42863634
49242616
37023342
56362340
46742970
46642502
47883524
42463168
47103298
39702454
45323868
48344794
48482770
36163230
51863114
48142828
39523168
43143450
49643278
46042896
47242884
27141968
48743498
31061986
55782474
47203372
56562290
44242158
30522162
40982844
51163424
51183644
52202756
49962900
29582208
31202150
41983052
47442454
45362974
50303114
51783010
37822608
47262918
56402144
42383376
32901918
35403484
48303494
33022170
51324788
44363010
47302630
50824628
47464096
46823078
53961798
35522856
52564360
45022124
56002852
28922056
53561932
35662536
46123098
52123126
40903046
49663086
44922166
47142714
47202018
51743172
46382532
40403136
35983378
42582764
43882878
48042726
34082104
56542734
54542354
49344436
32642856
46583872
38682370
55262684
36122650
35162262
38102784
50243222
40142900
48541962
50244526
38263026
50323276
35943510
30222118
38502592
53462368
27021830
43703530
46942490
47982850
48344758
40282374
35702798
42423190
40283164
37722900
52703664
44523926
39082654
48162526
50324178
47722600
35662546
33443148
56682640
49243020
33001834
49624486
53962248
30161680
48482622
46962844
49943484
43923098
53562840
31681930
41703028
40082646
43883128
48743098
43343598
51723090
48623454
53722664
47623134
51103642
54042732
34462296
49682566
29621980
50343732
49363156
34721988
43483264
30982172
47822916
50243130
37502600
31842028
40603038
49383202
51723826
50284872
37602708
47902644
37562602
45422272
36282692
41623008
57062602
35942118
45443178
26921886
32581696
34862026
50923006
36063410
49782858
51783208
35503700
55882884
27902116
47383192
42163074
35842140
50323806
44562450
44564290
30342108
36842766
45483636
40242368
64541644
34983152
48144608
44002998
31362026
42183144
49983784
47802850
50524420
50362908
40383260
40782952
49522970
52043826
43702414
41123358
43482458
32321950
56062470
27521974
34682668
47003320
33442310
45103134
46064152
48843436
54042678
36142896
42282834
49183420
30322322
41042954
37502348
35662554
37123318
33742920
57462326
55262134
54882646
48122486
36403438
51823792
31963558
56962638
57082492
37822366
49584276
35042692
30822110
33543914
51822582
42662936
57442412
31943550
44723350
46804312
46142492
34642074
45823294
45062896
36742870
52102746
32402336
39822746
35662682
55162758
48424582
55042116
47102512
32621954
50822802
53243934
28002252
31442304
34523634
42103312
51682826
47743150
39502416
49565012
41703250
44644216
45523240
49043492
48404680
32683682
51962830
50362994
37423108
46943714
29302374
47542556
39062974
46543340
31043366
31421914
44883126
37582624
40502324
52242678
48202976
46283022
34302332
48082730
42082998
47122726
50563050
47943212
43883214
44782260
36662646
36182516
47322600
53722272
45123006
53003696
31323424
53163700
56921480
43722388
45942242
48523362
41003056
39962686
39122770
37382200
53462450
48963170
48543072
35742886
49924278
27461800
41903386
51724390
50964320
39102934
41443062
31642270
43842574
34763312
54282630
32581742
45604314
56782772
47543276
36402308
35982726
40942872
35442910
50203000
35642354
28182040
40743238
54561726
29782322
36322444
47483196
48163062
50225104
34402226
53441692
51204204
44783754
44282396
50483046
32182068
46743406
42281814
45602738
45302316
37382406
48483018
53543796
48123396
38462316
37903030
50403052
54922204
37102986
52643796
44822252
37182108
46601592
50644606
51264322
36944204
33823630
45844090
34582726
40862902
36142446
39743206
47084160
34062120
44844202
47684004
32222288
27101868
37983116
52464126
55042248
57762268
33562232
52603658
31621818
47023046
40063250
45782758
55361782
45862572
40203202
34942334
32022024
47203416
55042360
31523540
34922674
46202812
35322778
44882226
46524654
41802792
46423168
33742812
44063070
54282296
46822622
50422874
50923240
27922410
53004144
45943336
31642324
33701948
44503298
59501668
28982290
42302740
56502708
46364128
46783032
39502764
44382460
46242582
32562276
37682590
44202562
30242218
40183116
37162560
32941810
53422418
29842256
54962874
44923926
33582814
34662468
53202458
51764268
34862458
52983184
27101964
50923768
